3.45 4.15 3 0.99 0.83
4.02 2.28 7 0.20 0.17
4.34 1.78 8 0.46 0.66
4.26 4.31 8 0.06 0.56
3.96 5.46 2 0.13 0.06
5.28 4.00 5 0.61 0.91
2.51 0.64 10 0.36 0.41
2.18 2.62 2 0.03 0.92
0.26 4.28 3 0.11 0.10
5.34 4.95 2 0.40 0.62
4.18 1.91 8 0.28 0.54
2.44 0.73 1 0.98 0.59
4.02 3.10 5 0.78 0.28
4.35 1.54 2 0.36 0.43
4.54 3.05 2 0.12 0.72
2.08 1.44 8 0.76 0.23
3.26 0.14 6 0.24 0.81
1.98 1.37 5 0.10 0.26
0.21 1.23 10 0.48 0.00
4.18 2.29 4 0.91 0.76
1.82 3.27 5 0.31 0.86
0.95 4.91 10 0.46 0.66
5.91 0.89 10 0.93 0.61
5.30 5.91 4 0.53 0.89
0.36 4.26 5 0.17 0.48
2.43 5.96 8 0.44 0.20
4.64 2.19 6 0.21 0.31
3.22 5.44 8 0.73 0.10
5.66 1.76 2 0.30 0.72
4.52 4.61 8 0.19 0.32
2.61 5.54 9 0.27 0.23
3.40 0.03 7 0.70 0.88
3.55 2.66 10 0.57 0.78
5.42 1.68 10 0.60 0.59
1.14 2.51 10 0.40 0.27
1.14 2.60 7 0.23 0.06
5.41 3.13 10 0.12 0.50
2.11 3.37 5 0.66 0.78
0.82 5.26 9 0.72 0.17
0.16 3.80 10 0.33 0.54
3.93 3.27 8 0.26 0.75
3.43 1.70 4 0.56 0.71
4.84 5.30 1 0.85 0.03
5.60 4.07 7 0.41 0.47
3.35 2.33 5 0.58 0.81
4.59 5.11 6 0.36 0.77
2.01 3.24 2 0.89 0.45
3.79 2.94 7 0.44 0.15
3.93 3.59 9 0.93 0.34
1.10 3.10 4 0.35 0.86
1.52 0.19 2 0.85 0.27
1.29 2.65 7 0.89 0.84
1.07 1.50 9 0.84 0.19
4.12 4.11 5 0.20 0.89
3.93 4.26 2 0.91 0.15
2.00 3.34 3 0.57 0.82
3.25 3.51 6 0.28 0.21
1.74 2.53 6 0.94 0.83
0.46 3.41 5 0.18 0.85
2.43 5.01 6 0.08 0.38
0.49 5.56 2 0.70 0.14
2.46 2.65 7 0.13 0.13
3.37 5.28 4 0.10 0.28
1.46 4.10 6 0.85 0.30
2.70 1.45 3 0.39 0.27
5.84 5.76 7 0.05 0.23
5.42 4.07 5 0.49 0.08
4.52 0.20 9 0.73 0.67
3.82 2.68 8 0.77 0.30
1.68 3.78 1 0.74 0.16
4.21 1.25 9 0.73 0.96
1.18 3.64 4 0.36 0.84
4.55 3.94 10 0.94 0.11
5.13 3.26 1 0.68 0.07
3.90 2.32 4 0.89 0.52
3.97 1.90 7 0.22 0.71
2.50 5.43 7 0.72 0.76
4.33 5.47 10 0.96 0.41
1.27 3.18 2 0.75 0.49
1.00 5.92 3 0.63 0.25
4.36 3.25 9 0.40 0.07
3.97 5.77 2 0.03 0.11
0.52 0.70 3 0.36 0.60
5.38 2.11 9 0.22 0.60
2.46 3.56 4 0.68 0.41
0.29 2.77 3 1.00 0.81
3.66 3.41 7 0.57 0.91
1.14 4.47 4 0.29 0.83
1.29 3.34 8 0.92 0.67
0.62 5.94 2 0.78 0.63
4.45 2.23 6 0.55 0.74
2.45 2.32 7 0.79 0.90
5.08 4.13 9 0.47 0.89
4.88 3.12 9 0.68 0.29
0.30 1.93 10 0.76 0.38
5.59 4.98 1 0.22 0.07
1.31 3.60 9 1.00 0.17
1.24 5.46 2 0.86 0.27
4.45 1.73 8 0.52 0.20
3.88 3.83 2 0.14 0.02
