3.15 4.22 10 0.25 0.49 0.17 0.03 0.80
5.56 2.55 5 0.62 0.15 0.47 0.84 0.29
2.78 3.19 3 0.76 0.72 0.35 0.70 0.51
3.05 4.16 6 0.47 0.04 0.10 0.69 0.88
2.75 2.83 7 0.80 0.38 0.01 0.10 0.83
3.22 3.44 4 0.03 0.37 0.35 0.97 0.47
2.03 1.26 3 0.53 0.16 0.07 0.07 0.10
0.75 1.74 5 0.20 0.70 0.82 1.00 0.18
0.56 4.31 5 0.96 0.40 0.93 0.03 0.99
5.57 3.02 4 0.45 0.46 0.42 0.75 0.05
4.76 5.23 3 0.73 0.17 0.53 0.04 0.61
4.34 1.35 8 0.29 0.29 0.76 0.36 0.36
2.29 0.23 8 0.22 0.57 0.93 0.31 0.30
4.74 2.75 9 0.63 0.47 0.70 0.42 0.53
0.85 1.21 6 0.98 0.84 0.20 0.52 0.78
1.97 3.36 1 0.65 0.97 0.83 0.89 0.72
0.44 4.27 9 0.89 0.04 0.46 0.45 0.49
0.26 1.67 3 0.99 0.22 0.06 0.86 0.67
0.18 1.15 6 0.57 0.01 0.14 0.71 0.43
1.94 1.82 4 0.70 0.46 0.51 0.15 0.26
2.20 4.52 2 0.70 0.18 0.19 0.38 0.15
3.04 4.01 1 0.23 0.36 0.92 0.31 0.06
1.87 5.32 4 0.48 0.41 0.61 0.87 0.67
0.91 5.76 6 0.09 0.48 0.67 0.36 0.97
2.89 5.49 7 0.19 0.83 0.30 0.99 0.11
