1.65 3.68 5 0.73 0.61
1.91 1.62 2 0.25 0.51
2.57 4.81 5 0.43 0.21
3.47 4.32 5 0.87 0.74
3.37 0.14 10 0.88 0.92
3.43 3.38 8 0.67 0.60
3.75 3.37 7 0.28 0.60
3.93 1.78 6 0.08 0.98
1.18 2.30 3 0.88 0.35
2.02 2.85 1 0.64 0.56
4.23 5.53 6 0.39 0.06
3.20 5.92 2 0.99 0.88
4.62 3.97 6 0.45 0.81
5.24 0.12 8 0.72 0.25
2.65 4.08 6 0.53 0.42
1.50 0.42 5 0.81 0.39
0.90 0.48 7 0.55 0.40
1.30 3.73 8 0.65 0.27
2.63 5.66 5 0.29 0.36
5.30 1.99 9 0.81 0.48
2.85 5.24 9 0.19 0.92
3.06 2.57 8 0.75 0.90
4.58 5.44 4 0.37 0.07
0.93 3.95 8 0.62 0.15
5.85 2.75 3 0.31 0.77
1.31 4.19 10 0.50 0.53
3.67 4.79 9 0.90 0.09
2.03 1.37 6 0.28 0.18
5.61 0.43 5 0.49 0.36
2.87 3.19 8 0.73 0.71
2.47 4.63 4 0.06 0.82
5.59 0.95 4 0.80 0.62
4.14 4.96 7 0.75 0.99
2.82 2.86 1 0.05 0.49
5.72 4.71 3 0.51 0.65
2.18 0.13 5 0.19 0.39
4.19 3.87 5 0.62 0.43
2.41 0.04 10 0.41 0.97
1.34 0.57 2 0.93 0.59
1.88 3.46 6 0.38 0.47
0.99 0.91 5 0.42 0.18
4.35 4.23 10 0.51 0.39
3.03 5.61 2 0.21 0.11
0.06 1.74 1 0.21 0.34
2.94 0.69 10 0.55 0.27
1.95 4.21 6 0.18 0.62
2.12 3.48 4 0.17 0.96
0.84 2.15 5 0.07 0.62
5.44 2.20 3 0.28 0.35
3.66 5.45 1 0.87 0.14
