3.41 5.82 2 0.60 0.06 0.67 0.31 0.65
3.38 4.61 4 0.16 0.07 0.70 0.91 0.26
1.14 1.94 8 0.58 0.02 0.65 0.84 0.12
2.46 0.02 5 0.20 0.08 0.90 0.61 0.35
4.53 0.94 6 0.30 0.60 0.23 0.89 0.48
5.37 1.39 5 0.76 0.53 0.47 0.90 0.73
2.58 1.00 7 0.22 0.08 0.16 0.12 0.02
4.32 0.68 10 0.94 0.36 0.62 0.75 1.00
0.10 1.09 6 0.17 0.01 0.91 0.24 0.67
5.92 5.69 3 0.80 0.53 0.50 0.56 0.04
3.94 0.32 10 0.63 0.35 0.18 0.13 0.26
3.17 5.60 2 0.88 0.56 0.95 0.04 0.43
5.47 4.63 9 0.99 0.84 0.90 0.14 0.42
5.05 4.38 10 0.17 0.96 0.63 0.51 0.66
2.11 2.94 1 0.39 0.79 0.67 0.82 0.58
4.20 2.75 4 0.99 0.38 0.01 0.61 0.93
1.36 2.75 2 0.47 0.30 0.81 0.75 0.11
4.58 5.40 2 0.88 0.42 0.40 0.32 0.48
1.60 0.48 2 0.17 0.57 0.94 0.34 0.97
5.77 1.57 6 0.62 0.04 0.25 0.55 0.16
4.85 2.28 7 0.77 0.04 0.75 0.62 0.13
0.66 3.14 1 0.74 0.88 0.73 0.20 0.44
5.98 2.32 1 0.22 0.81 0.88 0.09 0.42
3.45 0.26 2 0.82 0.43 0.86 0.38 0.87
2.64 1.80 9 0.01 1.00 0.07 0.40 0.68
0.02 2.96 5 0.02 0.05 0.66 0.93 0.77
0.26 1.87 2 0.31 0.91 0.26 0.78 0.81
5.07 4.28 7 0.27 0.34 0.70 0.84 0.90
0.54 0.10 7 0.85 0.06 0.83 0.47 0.45
0.75 0.38 10 0.25 0.14 0.72 0.95 0.42
5.27 4.94 3 0.26 0.37 0.80 0.73 0.72
1.08 2.65 10 0.42 0.28 0.24 0.94 0.11
1.76 2.97 3 0.52 0.58 0.22 0.32 0.06
5.90 3.44 3 0.46 0.07 0.52 0.59 0.01
4.73 0.42 5 0.49 0.77 0.65 0.42 0.36
1.58 0.02 10 0.65 0.37 0.08 0.02 0.73
4.17 1.72 1 0.17 0.75 0.01 0.61 0.94
4.46 0.05 1 0.72 1.00 0.22 0.54 0.17
4.55 5.31 1 0.12 0.28 0.21 0.68 0.69
0.37 0.36 8 0.93 0.86 0.69 0.88 0.22
0.14 2.08 2 0.26 0.06 0.54 0.41 0.43
1.89 1.58 3 0.98 0.60 0.82 0.58 0.68
2.57 5.95 10 0.63 0.15 0.13 0.73 0.78
1.97 5.98 8 0.00 0.28 0.01 0.23 0.50
4.89 0.45 3 0.79 0.82 0.94 0.46 0.06
5.21 0.84 6 0.75 0.95 0.41 0.66 0.02
1.80 0.49 8 0.15 0.00 0.84 0.41 0.36
3.86 2.58 9 0.08 0.34 0.84 0.87 0.44
4.24 2.54 4 0.66 0.58 0.13 0.42 0.88
1.86 0.83 7 0.28 0.22 0.95 0.35 0.29
5.02 2.11 7 0.88 0.63 0.35 0.42 0.84
0.45 3.50 8 0.66 0.34 0.91 0.31 0.98
2.41 5.20 4 0.83 0.70 0.95 0.73 0.58
2.13 3.86 10 0.64 0.31 0.07 0.99 0.90
5.59 4.45 2 0.63 0.37 0.11 0.65 0.70
1.75 3.66 4 0.86 0.53 0.45 0.19 0.59
3.75 0.12 4 0.49 0.32 0.45 0.67 0.63
5.38 4.13 10 0.57 0.92 0.19 0.97 0.69
3.97 4.00 9 0.98 0.56 0.31 0.07 0.15
3.50 1.38 4 0.92 0.56 0.66 0.07 0.74
5.52 1.50 2 0.67 0.65 0.90 0.11 0.82
0.90 4.13 1 0.24 0.20 0.92 0.19 1.00
2.44 3.47 9 0.62 0.90 0.36 0.89 0.88
3.28 2.77 4 0.87 0.73 0.21 0.40 0.87
2.65 1.21 8 0.87 0.03 0.82 0.45 0.22
0.68 4.34 5 0.24 0.00 0.53 0.86 0.57
5.46 0.70 4 0.08 0.08 0.00 0.44 0.82
2.07 1.12 1 0.56 0.55 0.37 0.54 0.99
5.64 0.50 8 0.73 0.93 0.19 0.85 0.92
1.39 0.92 1 0.54 0.77 0.50 0.19 0.26
5.41 4.92 8 0.20 0.44 0.20 0.10 0.48
5.34 0.62 7 0.17 0.40 0.44 0.89 0.92
0.17 4.68 10 0.29 0.93 0.59 0.16 0.41
2.25 1.16 8 0.81 0.30 0.16 0.14 0.30
3.04 1.40 6 0.98 0.55 0.62 0.44 0.83
5.28 5.83 9 0.46 0.93 0.50 0.53 0.87
3.69 4.36 5 0.66 0.67 0.33 0.61 0.47
1.49 4.96 9 0.78 0.14 0.19 0.65 0.02
5.23 5.11 5 0.32 0.87 0.26 0.93 0.12
3.85 1.53 9 0.31 0.07 0.53 0.09 0.19
4.71 4.79 3 0.70 0.81 0.05 0.49 0.85
2.52 2.07 9 0.14 0.68 0.18 0.71 0.59
2.83 3.63 1 0.28 0.38 0.82 0.79 0.65
0.98 0.38 2 0.82 0.84 0.04 0.46 0.78
3.37 0.42 2 0.81 0.57 0.17 0.54 0.67
3.32 1.96 2 0.68 0.55 0.84 0.85 0.83
0.67 1.55 6 0.86 0.77 0.29 0.48 0.42
1.40 2.81 3 0.93 0.49 0.75 0.93 0.67
5.02 5.18 8 0.31 0.69 0.94 0.71 0.02
0.61 0.61 9 0.09 0.46 0.13 0.71 0.05
0.11 1.92 4 0.88 0.15 0.36 0.77 0.69
4.43 3.36 5 0.31 0.29 0.64 0.54 0.84
5.83 1.22 1 0.82 0.36 0.71 0.23 0.69
2.45 5.84 10 0.85 0.97 0.82 0.96 0.25
4.33 4.68 10 0.55 0.38 0.68 0.64 0.30
4.44 1.72 5 0.67 0.91 0.39 0.29 0.77
0.85 5.65 3 0.64 0.55 0.71 0.98 0.33
5.22 5.55 8 0.11 0.08 0.28 0.80 0.52
4.35 1.60 1 0.13 0.43 0.97 0.22 0.70
0.51 4.54 8 0.34 0.83 0.03 0.39 0.94
1.58 3.28 2 0.91 0.66 0.83 0.13 0.37
1.01 3.18 6 0.85 0.00 0.81 0.14 0.70
3.57 1.97 5 0.82 0.41 0.12 0.40 0.83
0.62 5.43 6 0.55 0.93 0.66 0.90 0.97
2.17 0.38 10 0.57 0.85 0.33 0.94 0.63
2.27 4.53 4 0.08 0.60 0.00 0.75 0.81
3.86 5.45 9 0.35 0.97 0.10 0.99 0.33
0.32 3.18 6 0.42 0.55 0.58 0.53 0.76
2.53 5.80 10 0.97 0.43 0.02 0.09 0.09
1.09 5.49 4 0.80 0.57 0.68 0.67 0.15
1.01 2.03 10 0.72 0.59 0.59 0.63 0.99
0.49 1.84 4 0.33 0.71 0.13 0.61 0.66
4.81 2.96 10 0.02 0.54 0.21 0.68 0.29
0.50 2.67 9 0.98 0.94 0.73 0.34 0.48
0.93 2.30 10 0.73 0.23 0.05 0.38 0.21
4.18 3.67 8 0.40 0.94 0.51 0.28 0.02
3.40 0.11 3 0.32 0.62 0.93 0.84 0.29
1.21 1.57 9 0.45 0.61 0.95 0.82 0.42
0.51 5.82 2 0.80 0.19 0.72 0.81 0.81
4.77 2.95 10 0.74 0.94 0.33 0.07 0.99
2.68 3.89 1 0.49 0.08 0.74 0.29 0.53
0.89 2.12 5 0.84 0.12 0.96 0.29 0.34
3.92 4.11 7 0.79 0.48 0.97 0.48 0.73
5.80 0.05 10 0.59 0.71 0.73 0.79 0.80
4.32 1.42 6 0.66 0.44 0.12 0.11 0.48
3.03 3.95 7 0.01 0.19 0.28 0.72 0.37
5.65 3.40 9 0.79 0.11 0.87 0.88 0.01
1.26 5.77 4 0.82 0.70 0.65 0.12 0.61
4.47 2.34 3 0.08 0.95 0.18 0.06 0.04
2.67 1.11 5 0.62 0.88 0.15 0.58 0.99
5.47 3.24 1 0.13 0.44 0.14 0.45 0.20
2.23 1.05 9 0.62 0.40 0.08 0.62 0.09
1.59 1.91 7 0.96 0.88 0.84 0.85 0.08
1.47 4.52 2 0.27 0.78 0.47 0.96 0.48
5.76 5.73 8 0.95 0.84 0.19 0.49 0.09
4.77 4.42 1 0.21 0.31 0.98 0.24 0.11
5.11 5.33 4 0.39 0.14 0.99 0.41 0.34
5.54 5.23 1 0.58 0.92 0.64 0.11 0.25
3.87 4.19 6 0.87 0.70 0.89 0.38 0.54
0.90 4.93 9 0.98 0.35 0.27 0.71 0.03
5.97 4.95 5 0.09 0.56 0.88 0.11 0.07
0.40 5.14 3 0.06 0.52 0.28 0.46 0.87
0.63 1.37 7 0.69 0.54 0.22 0.91 0.56
2.44 2.89 4 0.06 0.31 0.94 0.47 0.39
1.44 3.67 9 0.86 0.95 0.38 0.78 0.58
4.33 3.93 4 0.67 0.23 0.11 0.57 0.88
2.78 0.98 9 0.11 0.22 0.62 0.98 0.07
5.48 1.38 9 0.98 0.26 0.17 0.10 0.29
4.97 4.81 5 0.81 0.50 0.07 0.96 0.63
5.04 0.84 9 0.64 0.08 0.52 0.96 0.38
